    7.143691    4.409072    4.594697
    8.534541    5.627038    5.701927
    7.831994    4.375292    4.694408
   10.607390    7.555667    7.776862
    7.099758    4.531327    4.538297
    7.945992    5.006108    5.272630
    7.187058    4.746984    4.780221
    6.175788    2.862569    3.119458
    9.406750    5.635714    6.034491
    8.770854    5.977036    6.083431
   11.876075    8.604848    8.759678
    9.385134    5.668987    6.045452
   10.108130    6.493207    6.820416
   13.214036    9.943399   10.049631
    6.976282    4.277873    4.267140
    7.436113    4.393204    4.498064
    6.614700    3.262011    3.603797
    7.776219    4.664915    5.011681
    7.540121    4.397902    4.577055
    6.549881    3.760816    4.042157
    7.041666    4.647733    4.661049
    9.974457    7.086135    7.184925
    9.438680    6.193306    6.207881
    7.776020    5.055315    5.125612
    6.457373    3.626699    3.703347
    6.747340    3.984975    3.747346
    7.804265    4.958860    5.197566
    7.467501    4.091156    4.444493
    6.724812    3.637847    3.682419
    7.907140    5.337943    5.273278
    7.563216    4.590864    4.749769
   11.435921    8.322182    8.541094
    9.449415    6.508004    6.589797
    8.334183    5.878955    5.798962
    7.965727    4.832591    5.126531
   12.631994    9.551568    9.472412
   11.302513    8.095514    8.251598
    9.868079    6.574436    6.836659
   10.699627    8.178895    8.128350
    6.894408    4.111338    4.261772
    8.759284    5.544988    5.694782
    7.656318    5.055500    4.946708
    7.313975    4.399376    4.190315
   13.463376   10.181301   10.021884
    5.769616    2.457074    2.800807
    7.349368    3.870905    4.138657
    7.113643    4.282355    4.346280
    7.748932    3.944497    3.977742
    6.942320    3.594510    3.927060
   10.076738    6.874785    6.917381
    8.394316    5.317609    5.504040
    9.643985    6.724217    6.750320
    6.609296    3.050579    3.500111
    6.288614    3.657785    3.753948
   11.118271    7.988705    7.961045
   11.239426    8.204975    8.253014
    9.477222    6.830324    6.793994
    8.374317    5.189313    5.382687
    5.999372    2.309519    2.850294
    7.915409    4.762279    4.881944
   10.551635    7.445516    7.500400
    7.429334    4.984083    4.878279
    7.559089    4.916323    5.112135
    8.228876    5.168043    5.189287
    6.052062    3.353234    3.467132
    6.014414    3.080662    3.133114
    6.996023    4.064612    4.231937
    6.377589    3.519372    3.583968
    7.844754    4.556719    4.958470
    6.307793    3.447979    3.709998
   10.586749    7.916097    7.887811
    6.354469    3.663283    3.767966
    6.126124    3.039992    3.195855
    6.318942    3.803925    3.694377
    5.356062    2.766263    2.775711
    8.101163    4.668060    4.995030
    8.843116    6.096840    6.171004
   11.338011    8.071243    8.189187
    8.877336    5.390544    5.710077
   12.038279    8.881324    8.882382
    8.003120    5.403478    5.506404
   12.312600    8.984458    9.261707
   11.233865    8.369916    8.487765
   10.411095    7.740044    7.743762
    6.946743    3.840379    3.964728
   10.864745    7.739141    7.860896
    9.297029    5.901996    5.981606
    6.430681    3.268914    3.473223
    4.344487    0.789483    1.641953
    6.024215    2.993558    3.134317
    7.771888    4.480883    4.850437
   10.255589    7.354386    7.352980
    8.395446    5.740558    5.908403
    5.531322    2.561422    2.643549
    6.670327    3.730972    3.802573
    7.610049    4.152656    4.422431
    6.913212    4.050157    4.198929
    6.166167    3.242049    3.575962
    8.444182    4.930544    5.226235
    9.634204    6.800922    6.531616
    6.895050    3.459436    3.825927
    7.646480    4.708713    4.937898
    7.258431    4.160037    4.246586
    5.573152    2.904997    3.057831
    8.660392    6.183558    6.127422
    7.444129    4.502421    4.453793
    6.730900    3.885246    3.939166
   10.123231    7.335871    7.357095
    7.630403    4.908258    4.834865
    8.265501    5.195275    5.262202
    9.827156    6.683715    6.877306
    7.007902    3.889392    3.943720
    6.574710    3.476876    3.687569
    8.794498    5.931014    6.042913
    8.155220    5.432714    5.444100
    7.445427    4.643490    4.647904
    7.970657    5.261950    5.294136
    8.717679    5.854760    5.964904
    7.312338    4.402238    4.590760
    8.351179    5.744797    5.723230
    7.064582    4.550522    4.510873
    8.162384    5.301513    5.373682
    5.325180    2.588570    2.668015
    5.686909    2.702032    2.899177
    8.141127    5.272758    5.462338
    7.484358    4.369476    4.609974
    9.687447    6.586153    6.731149
    8.671606    5.023052    5.254469
    9.851723    6.929612    6.992912
   10.126815    7.273632    7.322388
    5.452624    2.755239    2.832426
    5.761040    2.994395    3.203196
    8.034060    5.255963    5.366751
    9.356157    6.186907    6.433958
    8.579126    5.746339    5.719565
    7.136960    4.351273    4.355748
    8.568777    5.744639    5.929895
    9.224987    6.134166    6.265714
    7.103175    4.142999    4.293245
   11.178340    7.145820    7.399557
    6.720188    4.053746    4.015948
    8.869735    6.029442    6.150923
    8.935141    6.143536    6.244062
    7.438859    4.824172    4.821455
    8.454224    5.732265    5.741875
    7.362838    4.242138    4.312230
    6.866665    4.070702    4.095129
    5.928799    2.888459    3.242919
    6.898993    4.218039    4.240286
    9.290219    6.391176    6.468598
    8.925124    5.997347    6.225268
    7.024818    3.686111    4.013056
    5.156108    2.300646    2.559699
    9.148624    5.953086    5.942792
    8.714274    5.416011    5.621369
    7.599329    4.705360    4.606204
    9.736663    6.671256    6.634286
    8.705089    5.764164    5.739054
    8.149046    4.590296    4.944852
    6.584301    3.636068    3.734205
    7.385914    4.469007    4.609555
    7.846086    5.031588    5.069261
    6.130208    3.368073    3.569294
    7.085041    4.029578    4.107196
    7.534507    4.745413    4.726180
    8.019156    4.890207    5.164310
    5.925399    2.904228    3.187519
    9.765107    7.113785    7.164287
    8.632743    6.030453    5.985472
    8.991142    5.704517    5.924216
    7.194439    4.319812    4.436987
   10.154377    6.345777    6.724549
    5.841339    2.580517    2.973403
    9.009173    5.522875    5.791513
    8.724132    5.868231    5.981964
    9.069523    5.763017    5.988540
    6.498697    3.710815    3.793166
    6.155966    3.517036    3.209080
    8.222743    4.613318    5.057188
    8.005562    4.869691    5.178677
    7.141009    4.071327    4.169909
    6.079496    3.084342    3.432204
    9.815614    6.423454    6.718183
    6.360631    3.034256    3.449322
    7.966546    4.661824    4.958965
    7.770937    4.419647    4.837069
   10.126234    6.695333    6.954305
    5.927108    3.192278    3.380988
    6.639305    3.431063    3.671819
   12.051608    8.835725    8.959267
    5.603258    3.180811    3.214066
    8.611151    5.322353    5.620979
    7.686769    4.579240    4.710064
    4.588162    1.283330    1.872570
    8.107995    5.083807    5.251461
    8.391230    5.237114    5.390605
    6.024469    2.890181    3.189265
   10.148947    7.280984    7.347384
    8.630452    5.338135    5.578545
    5.639443    2.386938    2.785151
    7.586506    4.293333    4.572169
   11.352242    8.227492    8.289352
    9.250844    6.392567    6.308013
    5.820700    2.814612    3.032737
   10.826230    7.889846    8.125368
    9.225748    5.999342    6.273692
   11.205887    7.682733    8.108978
    7.986812    4.984977    5.217860
    9.397914    6.516349    6.650967
    8.032493    4.962512    4.921658
    6.988457    3.513913    3.679210
    7.432451    4.180951    4.230087
    6.546928    3.157697    3.491770
    5.723026    2.188461    2.640050
    5.099290    1.867498    2.313545
   10.320554    7.107712    7.296138
    6.070297    3.115276    3.352282
    7.710377    4.635172    4.807687
    6.116669    3.817777    3.861576
    6.716162    3.299802    3.690988
    7.980557    4.968172    5.185905
    4.355099    1.238544    1.832823
    8.499497    4.848225    5.050108
    7.569218    4.237720    4.509544
    9.378257    6.448257    6.544954
    8.859910    5.428636    5.873613
    7.112742    4.010285    4.340727
    8.933545    5.458543    5.681491
   14.463828   11.222779   11.417502
    7.612360    5.008940    4.956892
    6.361058    3.914767    3.962784
    5.156717    2.565822    2.751423
    7.844872    4.879686    5.036216
    5.225833    2.447974    2.630405
    5.170970    2.125439    2.412737
    8.808945    5.385977    5.443006
    7.191301    3.697419    4.056855
    8.880603    5.436851    5.635178
    8.514157    5.367790    5.528370
    8.494247    5.298372    5.407937
    8.818987    6.257222    6.307233
    7.564247    4.409670    4.587477
    9.168838    6.618806    6.543455
    5.828618    2.544999    2.928933
    8.923710    5.457072    5.744162
    6.471949    2.862492    3.238797
    8.829933    6.204485    6.135580
    9.800112    6.360825    6.368395
    9.500553    6.006830    6.438247
    4.844106    2.169517    2.404594
    7.848261    4.938222    4.774325
    7.644698    4.652677    4.882397
    6.397616    3.542343    3.477067
   11.168469    7.467643    7.672820
    9.367093    6.674609    6.798487
   10.001353    6.819403    7.034870
    8.402262    5.208126    5.497687
    6.933410    3.934758    4.021871
    9.767560    6.907295    6.927802
    7.884376    4.853166    4.844324
    4.893169    1.953837    2.325122
    7.462725    4.052590    4.480746
    8.080831    5.544260    5.574571
    9.085767    6.381483    6.383359
    5.648835    2.933517    3.221509
   10.160442    6.444563    6.745139
    8.709563    5.721506    5.948921
    6.394935    2.902633    3.375045
    6.055543    3.360325    3.331808
    8.581884    5.671066    5.769720
    8.113807    5.136184    5.316348
   12.363266    9.311196    9.510434
    6.599869    3.305019    3.543060
    7.219322    4.096507    4.266313
    8.629780    4.667006    5.059348
    6.444083    3.499628    3.581941
    7.818121    4.396302    4.815368
   10.062499    7.196887    7.163426
    5.494229    2.183230    2.637324
    6.004413    3.680775    3.713200
    5.904698    3.183581    3.436992
    5.358371    2.083730    2.608620
    6.889323    4.286702    4.308894
   11.177591    7.983184    8.105759
    5.521816    1.949922    2.482783
    9.993476    7.002126    7.091419
    7.670926    4.152921    4.454900
    9.470881    6.426126    6.668489
    7.023151    3.902717    4.136239
    6.178572    3.504848    3.730639
    9.456595    6.185229    6.284561
    6.864970    3.904097    4.177353
    8.522815    5.200797    5.520307
    8.635657    5.163254    5.465493
    9.751780    6.601328    6.782574
    7.022740    4.128357    4.299280
    8.690833    5.747407    5.905389
    7.115306    4.295133    4.399535
    9.488601    6.744904    6.825573
    7.812532    4.673621    4.899530
    6.993622    4.091525    4.276541
    7.947957    4.623712    4.680661
    6.283708    2.626143    3.201678
    8.324864    5.496683    5.638539
    7.460005    3.653938    4.222295
    9.916304    6.341051    6.802508
    5.917965    2.590212    2.994521
    8.911153    6.214983    6.279943
   10.049271    5.834884    6.435376
    8.875242    5.376083    5.671201
    7.494488    4.610628    4.812490
    8.842553    5.716524    5.848196
   12.570923    9.142472    9.529861
    8.647867    5.839715    5.951778
    6.406838    2.841516    3.390457
    7.598805    4.745887    4.951820
    5.568614    2.682316    2.994630
   11.312803    8.378517    8.345022
    5.665698    2.852592    2.915860
    8.803636    5.697284    5.781980
   11.932507    8.794930    8.967804
    7.721231    4.778399    5.034707
    6.873626    3.880439    4.066937
    9.646259    6.139531    6.483284
   13.086633   10.385423   10.313190
    8.432646    5.308863    5.120717
    9.526315    6.353269    6.507328
    6.968341    3.623466    4.009436
    6.535034    3.366465    3.547836
    7.568401    4.393854    4.519263
   11.069520    7.999371    8.148447
    5.571845    2.923953    3.065263
    8.002469    5.050550    5.181742
    8.397927    5.657621    5.684268
    6.838617    3.525108    3.937129
    7.374453    4.415940    4.702525
    6.202875    3.222629    3.493363
    5.635569    3.127724    3.277306
    4.713740    2.096100    2.130437
    7.631863    4.552009    4.846735
   10.109793    6.919224    7.126545
    5.553120    2.813927    2.833543
    8.652851    5.311015    5.517552
    6.951979    4.289826    4.439518
    5.668060    2.553091    2.889782
   10.084242    7.345750    7.372323
    8.499258    5.427552    5.555991
    8.334257    4.997678    5.170766
    7.975823    5.190580    5.260528
   10.418664    7.503677    7.670915
    6.725643    3.911755    4.082922
    8.630226    5.707693    5.948674
    8.620046    5.438368    5.693053
    8.015387    5.486821    5.588356
    8.107777    5.442590    5.334010
    5.997001    3.204627    3.443107
    7.889835    4.694831    4.913921
    7.903482    4.692330    4.986520
    8.898813    5.596891    5.726409
    7.403113    4.638244    4.693941
    9.810537    6.509709    6.655262
    8.872611    6.198267    6.249187
    9.472790    6.121728    5.906782
    7.277379    4.706879    4.702329
    6.638615    3.494382    3.813700
    6.557297    3.687342    3.887184
    5.653093    2.536143    2.948299
    5.890461    3.064949    3.342855
    8.277032    4.656871    4.930596
    7.434229    4.304189    4.508879
   10.864292    7.104188    7.538125
   12.796641    9.537088    9.644940
    8.516712    5.692832    5.807773
   10.426895    7.349414    7.537356
    8.807421    5.609723    5.920725
    5.766683    2.713879    2.837363
    8.096860    5.330283    5.388482
    6.748910    3.605338    3.744392
    7.238989    4.163790    4.372809
    7.250112    3.839549    4.134524
    7.990844    4.486823    4.541273
    7.127157    3.766452    4.123283
    7.164462    4.176307    4.325373
    8.981289    6.304520    6.183263
    6.254525    3.254495    3.533562
    9.122737    6.660279    6.532043
