    2.951850    2.532122   50.032471
    2.314894    1.449047   64.053529
    2.354921    1.807804   57.365232
    2.327940    1.682764   59.650861
    3.172403    2.518280   52.293417
    2.845957    2.303846   52.612899
    2.164810    1.530154   53.592384
    2.440023    1.916525   54.633012
    2.085922    1.366422   58.170180
    2.443394    1.724267   58.217841
    3.009764    2.331744   61.387706
    2.600286    2.075446   56.649540
    2.734715    2.088173   56.682439
    1.902624    1.157977   59.924088
    1.716161    0.953115   56.810246
    2.334697    1.890910   52.221472
    2.409245    1.752977   56.845483
    2.305772    1.557481   58.257691
    2.839939    2.405244   51.082461
    1.882968    1.107548   60.125407
    2.944255    2.194474   60.770120
    2.777726    2.362117   57.584690
    3.368590    2.876456   56.298309
    1.964887    1.302767   55.336487
    2.904966    2.366669   54.853365
    2.744712    2.155950   55.815664
    2.500754    1.883154   55.293905
    3.437533    2.975456   49.925911
    2.335309    1.654633   60.378938
    2.441477    1.893809   56.969234
    3.991428    3.476571   50.307595
    3.641692    3.066746   54.550943
    1.876972    1.303288   55.209840
    2.076943    1.494391   57.591257
    1.791801    1.026282   56.294207
    2.300757    1.677670   56.011729
    1.954749    1.361103   56.465743
    3.249851    2.792095   53.898314
    2.168319    1.636424   54.296147
    1.979708    1.636242   55.378778
    2.153119    1.561330   54.910698
    2.975791    2.398769   52.152959
    2.707193    2.246176   52.556340
    1.552161    0.818531   57.339632
    2.516041    1.918171   55.675251
    2.859024    2.350054   53.481002
    2.551707    2.095402   55.332822
    1.551394    0.902981   53.371155
    2.783153    2.200498   57.756604
    3.052577    2.509243   56.722200
    1.907126    1.289317   54.133368
    2.202094    1.672135   52.007593
    3.010059    2.574775   53.321788
    1.754345    0.979970   56.394487
    2.089940    1.577997   50.887893
    3.399209    2.919121   49.542679
    2.962981    2.365372   57.549072
    3.152320    2.661278   55.904305
    2.326727    1.746273   56.791372
    3.001715    2.413843   51.700304
    2.560111    2.009656   55.391976
    2.236756    1.591290   58.879346
    1.931621    1.066613   61.403759
    3.528713    3.058585   52.536488
    2.207663    1.559726   58.230904
    2.311115    1.719559   55.327505
    2.309168    1.642963   57.573793
    2.765022    2.004833   59.686983
    1.384277    0.737976   50.136758
    2.651606    2.079634   55.433499
    1.541123    0.809606   56.762317
    2.501092    1.834052   60.427890
    2.376889    1.949558   49.813851
    2.300636    1.668288   53.828293
    2.611951    2.100371   51.385128
    2.444677    2.075126   52.245258
    2.870509    2.268325   55.143258
    1.872628    1.083520   60.926088
    2.251238    1.568020   57.689385
    2.585836    2.101320   51.793660
    3.232756    2.695436   57.274859
    2.178338    1.566107   57.324293
    3.204743    2.616842   55.327817
    2.391130    1.653715   60.942240
    2.964229    2.415653   57.627903
    2.472286    1.816808   60.435366
    3.179475    2.765243   53.608904
    2.728894    2.251456   48.886745
    2.356142    1.702874   58.547954
    2.331193    1.595892   61.132371
    2.287782    1.549025   59.345513
    2.817287    2.203953   53.046068
    1.998806    1.280618   56.867084
    2.901972    2.321428   52.215698
    2.752422    2.321770   50.229805
    3.308386    2.770722   56.611897
    3.421330    2.855196   54.772678
    3.352229    2.630641   63.778429
    3.201993    2.665999   56.356740
    1.653976    0.847803   58.063202
    3.219387    2.876268   49.730277
    2.890862    2.280660   59.040714
    3.157032    2.562186   57.176937
    2.340513    1.800640   50.350516
    2.063460    1.412215   57.370137
    1.772504    0.926814   65.120360
    2.187170    1.678968   53.128278
    2.624808    1.816592   60.886101
    2.699506    2.163375   55.000152
    3.093853    2.532400   56.258889
    2.120661    1.807649   55.758960
    3.321407    2.797112   54.110649
    2.114515    1.500196   59.234071
    2.744573    2.289021   54.466358
    2.664142    2.060451   54.307525
    1.921479    1.233078   51.198040
    2.601076    2.180139   52.397332
    2.291093    1.574469   58.653773
    2.724015    2.067703   54.604080
    2.114149    1.474377   57.262082
    2.819191    2.325882   52.809958
    2.861579    2.240176   53.742449
    2.649327    2.151316   55.148238
    2.799550    2.286235   49.389848
    2.358112    1.742233   55.851980
    2.501433    1.969268   53.915825
    2.634860    2.149237   53.081142
    2.266256    1.762720   54.963015
    2.042640    1.431924   54.259821
    1.936642    1.297405   56.066886
    2.517449    1.955462   57.455868
    2.562171    2.073189   49.643443
    2.309951    1.707568   57.443938
    2.962885    2.340530   56.560432
    2.500185    1.852811   57.640944
    2.225490    1.656568   55.820450
    2.187272    1.650750   49.777852
    2.755374    2.068502   60.356278
    1.960263    1.406192   52.720536
    1.652930    0.892846   56.641849
    3.061036    2.509025   51.271685
    3.043082    2.373770   59.296528
    2.242092    1.529318   60.438067
    1.993017    1.354700   53.887405
    1.893154    1.112240   56.957474
    2.231830    1.626640   59.029180
    2.581715    2.058454   54.824425
    2.262342    1.734738   54.264642
    2.243667    1.539857   62.267485
    2.490001    1.881979   53.850022
    2.772403    2.208981   57.644850
    3.099806    2.724130   51.882047
    1.588411    0.830603   58.217527
    2.316713    1.855711   50.273185
    3.233681    2.740099   53.929527
    1.527204    0.798875   56.220065
    2.689725    2.066962   58.015499
    3.262891    2.788161   51.625258
    2.132487    1.576976   53.403654
    1.664695    0.936027   56.851786
    1.729592    0.945820   58.147497
    2.705804    2.169313   57.974830
    3.440986    2.941718   50.852325
    1.697863    1.094785   50.877507
    2.630854    2.026360   58.884811
    2.769316    2.155428   55.260765
    2.776484    2.070812   61.458641
    3.031053    2.357031   59.667461
    2.918522    2.415471   53.137952
    3.116745    2.733325   51.411843
    2.958494    2.502370   50.783846
    2.316192    1.816459   51.702221
    3.627970    3.085038   56.170988
    2.570912    1.979000   57.071756
    3.227635    2.614726   58.426205
    2.888074    2.452892   55.816610
    2.155703    1.373055   57.783437
    1.892933    1.249585   56.808621
    2.304685    1.658743   59.861106
    2.641868    2.045715   54.965862
    2.717955    2.154471   54.742131
    2.525050    2.051628   51.292850
    3.565483    2.968718   54.711566
    2.679747    2.258101   49.103381
    2.684633    2.130405   53.035021
    2.957039    2.517983   49.862958
    3.207876    2.758333   54.599199
    2.909854    2.216243   59.965061
    1.789684    1.087036   57.019323
    1.588747    0.831714   58.504050
    2.946091    2.395299   51.129754
    2.094846    1.425698   57.233784
    3.313430    2.792645   58.689735
    2.589645    2.054779   57.830617
    2.907177    2.320196   57.804715
    2.349428    1.722848   59.299221
    2.630136    2.071268   52.185204
    2.463248    1.886767   53.172546
    3.756688    3.072973   57.306493
    2.941970    2.497576   56.013623
    2.786258    2.228277   56.641605
    2.831921    2.281479   54.519408
    2.151403    1.525754   56.099124
    2.607720    2.024627   53.849539
    2.339015    1.886727   56.762070
    2.696550    2.186516   53.120871
    2.386075    1.790874   56.954752
    2.661938    2.174547   55.543984
    2.794978    2.216251   54.171693
    2.585539    2.067830   53.311378
    2.676905    2.159046   56.425105
    3.361997    2.838983   59.446102
    2.656835    2.140326   54.107892
    2.148277    1.587276   52.292531
    2.425784    1.967480   56.194496
    3.239389    2.702218   55.053731
    3.336201    2.723086   56.688740
    2.719797    2.065327   59.646314
    2.126901    1.471303   54.131796
    2.972081    2.477627   56.326404
    2.948151    2.321451   56.257580
    3.085642    2.524705   52.454569
    2.779900    2.269588   56.258763
    3.200653    2.621091   55.741290
    2.667119    2.248398   50.140690
    2.980246    2.376686   58.561166
    2.649166    2.131152   53.883889
    2.674054    2.016225   59.431622
    2.815534    2.176459   57.542795
    2.206248    1.513628   54.056599
    2.512150    2.064190   54.437939
    2.449402    1.757479   58.667672
    2.846353    2.243158   55.403440
    2.816740    2.216932   56.909805
    2.648748    2.045973   57.166050
    2.621070    2.046636   57.350424
    2.650215    2.187677   55.067737
    2.667057    2.192491   51.911994
    2.810991    2.357354   50.233182
    1.922553    1.189627   59.175986
    1.990747    1.187961   60.067043
    1.898087    1.287800   55.134433
    2.753044    2.317237   53.818238
    3.060540    2.463574   57.517257
    3.511634    3.044189   51.319043
    2.134419    1.578017   55.765965
    2.843926    2.340551   56.071567
    3.062073    2.527194   55.466811
    1.887945    1.120187   60.462116
    2.349494    1.615411   61.775262
    2.841277    2.236421   56.670038
    3.031495    2.621870   49.196871
    3.256274    2.693713   54.126121
    2.493165    1.844078   59.464788
    2.328337    1.667556   57.421156
    3.309230    2.695165   61.836689
    3.036697    2.519198   55.850466
    3.424804    2.827604   59.121640
    1.514962    0.922010   55.551553
    2.298485    1.602124   56.965297
    2.908889    2.483560   49.394855
    2.948051    2.370434   56.930251
    3.335921    2.824033   52.953586
    2.077311    1.395914   57.710973
    3.024653    2.307217   58.082947
    2.725989    2.233712   54.729356
    3.301404    2.762154   55.361023
    2.830367    2.448010   53.501501
    2.929381    2.361540   55.237821
    2.806021    2.041963   62.104143
    2.174232    1.640305   57.294783
    2.856809    2.294968   57.296677
    2.467109    1.776913   60.059427
    2.678408    2.095953   55.063652
    3.339690    2.816425   56.255024
    2.892974    2.305880   57.894195
    2.573230    1.963023   56.108526
    2.836724    2.333066   54.200853
    2.945726    2.449189   52.730512
    3.415205    2.733626   59.015941
    2.562380    1.914511   57.886812
    1.883170    1.112124   58.741673
    2.575643    1.912930   58.151518
    2.953746    2.497779   54.818372
    2.227071    1.773736   53.857467
    1.647338    0.885982   56.977812
    3.451923    2.919850   54.457899
    2.835729    2.101065   61.382144
    2.508419    2.070413   53.310407
    2.310023    1.628376   56.587850
    2.979134    2.408696   59.114837
    1.881878    1.229384   53.336082
    3.261691    2.638582   60.390365
    3.209067    2.698185   53.900710
    3.188191    2.549496   58.731674
    2.073491    1.420661   56.623752
    2.893303    1.986463   66.745000
    2.713484    2.085572   58.297211
    2.142978    1.416695   57.511292
    2.245773    1.708845   51.511646
    1.922735    1.258612   57.161822
    3.302475    2.832667   55.654907
    1.736421    1.055065   57.103775
    3.038608    2.620845   52.754282
    3.490105    3.011953   54.626193
    3.093527    2.633759   51.267952
    3.386481    2.912052   54.822383
    2.650820    2.071697   56.830555
    3.392328    2.958225   52.811582
    2.887693    2.352997   55.985992
    2.442427    1.951224   50.948600
    2.455326    1.839249   57.458125
    3.481720    2.908675   58.172998
    2.612465    1.882317   63.191978
    2.847716    2.245544   58.756991
    2.587954    1.931750   60.368875
    2.563791    1.893646   59.895018
    2.626729    2.009040   56.435660
    2.169867    1.563246   54.822544
    2.811683    2.228571   56.261117
    2.692982    2.152195   54.486565
    3.033269    2.265683   63.684399
    2.467611    1.743667   60.005605
    3.122063    2.623846   54.046922
    3.073367    2.534458   55.870101
    1.665603    0.882343   59.820362
    3.247997    2.621445   60.807958
    3.110213    2.547321   57.328937
    2.678546    2.094825   58.572710
    2.217376    1.610181   55.588784
    2.502164    2.028117   49.402979
    2.566532    1.944732   55.503231
    2.003600    1.215220   59.902403
    2.638087    2.063432   54.545611
    2.486498    1.898778   56.624323
    2.729021    2.216560   56.276654
    2.363015    1.713520   56.915142
    2.493773    1.747327   58.918879
    2.427714    1.805082   57.728990
    3.109908    2.561316   57.244752
    2.284688    1.717609   55.652330
    3.327194    2.731008   58.357189
    3.384127    2.918536   56.744466
    2.337262    1.765631   54.343590
    3.150750    2.631091   51.980955
    1.995385    1.441514   51.830324
    2.385114    1.771026   58.245845
    3.040199    2.532777   55.032281
    3.483914    2.999093   55.828291
    2.901187    2.392658   54.524249
    2.703612    1.959014   56.394259
    2.475717    1.839489   58.508604
    3.246743    2.796740   51.912245
    2.698785    2.100519   54.984811
    3.006777    2.527101   51.350011
    2.391654    1.747919   58.102497
    3.445812    2.821654   59.388996
    2.434836    1.868784   54.414863
    2.601854    1.896528   58.182904
    2.729392    2.156431   52.109565
    2.754959    2.073281   59.369386
    3.052982    2.537529   53.069903
    3.081322    2.728964   48.952528
    1.871616    1.187055   52.704437
    3.176338    2.605040   53.925575
    2.814344    2.090250   61.493857
    3.239904    2.595989   55.043364
    3.216749    2.459459   61.468120
    3.674922    3.244131   50.123996
    3.006599    2.465082   52.888948
    2.921266    2.537201   54.423410
    2.834098    2.375390   55.132662
    2.383685    1.870113   51.198967
    2.859359    2.231656   55.944305
    3.194326    2.677975   56.227429
    2.657314    2.036780   58.776875
    2.708770    2.112482   57.183444
    2.450875    1.723814   59.106998
    2.772842    2.027193   64.266106
    3.434903    3.025199   56.017360
    2.844098    2.296979   57.688697
    2.837077    2.185407   56.275317
    2.798338    2.236655   53.348117
    1.799507    1.094329   59.622032
    2.727004    1.974178   62.314601
    2.346662    1.666860   56.722307
