    0.348816    1.596108    1.479395
    0.406954    1.528791    1.425064
    0.761445    1.828647    1.738011
    0.597703    1.855917    1.765913
    0.295586    1.552730    1.421774
    1.406700    0.161262    0.280232
    0.231211    0.906999    0.828953
    0.700044    1.982139    1.872365
    0.210423    1.311096    1.154762
    0.448289    0.847097    0.721217
    0.245843    0.916937    0.821323
    0.262934    1.389869    1.290751
    0.738146    0.638286    0.549692
    0.481950    1.642980    1.561371
    0.792790    1.945843    1.804270
    0.200669    1.485083    1.350535
    0.288941    1.568559    1.447985
    0.150401    1.294649    1.186245
    1.469168    0.284752    0.407351
    0.270534    1.357913    1.222821
    0.259846    1.378094    1.283634
    0.168559    1.110038    0.985976
    0.224909    0.994642    0.900618
    1.162225    0.188123    0.148642
    0.552532    1.745042    1.604325
    0.282643    1.577842    1.459352
    0.190278    1.364230    1.238903
    0.470149    0.876586    0.754363
    0.492675    1.183849    1.062015
    0.996087    0.371005    0.283436
    0.414893    1.839755    1.707003
    0.195139    1.032258    0.959970
    0.521680    1.728143    1.617964
    0.197913    1.193884    1.087271
    0.853151    1.950912    1.850682
    1.511565    2.821824    2.711954
    0.196655    1.304660    1.219941
    0.379468    1.623199    1.518874
    0.228672    1.389628    1.294677
    0.733514    1.915732    1.793408
    0.237841    1.106620    0.975643
    0.318013    1.107552    0.985439
    0.320908    1.597005    1.485656
    0.329832    1.527829    1.390082
    0.860308    2.054180    1.942630
    0.589110    1.863419    1.720097
    0.128312    1.187883    1.094579
    0.596082    1.807600    1.698806
    0.615733    1.871493    1.759393
    0.169384    1.259644    1.148803
    0.868874    0.456396    0.367102
    0.174207    1.049632    0.976507
    0.478037    0.818342    0.716390
    0.314530    1.471335    1.373326
    0.675726    1.876982    1.785428
    1.333315    0.086889    0.197263
    0.481981    1.845856    1.701401
    0.711601    1.883579    1.784560
    0.444237    1.652119    1.577410
    0.181340    1.363545    1.257191
    0.311926    1.427502    1.352947
    0.148890    1.162258    1.073612
    0.579919    1.681419    1.594067
    0.251592    1.642217    1.518465
    0.704807    1.851556    1.735498
    0.495250    1.791244    1.644773
    0.374191    1.010779    0.892613
    0.328509    1.036006    0.915181
    0.151607    1.382693    1.275657
    0.382872    1.430574    1.332644
    0.426003    1.594714    1.493933
    0.420621    1.437163    1.331036
    0.164328    1.497502    1.362080
    0.343612    1.488516    1.384479
    0.665398    0.456020    0.369937
    0.137972    1.115295    1.025829
    0.793432    0.542777    0.434703
    0.808105    0.471232    0.391055
    0.406997    1.708397    1.603495
    0.354969    1.717448    1.588173
    0.331349    0.943003    0.823736
    0.178445    1.317522    1.241555
    0.197180    1.018562    0.923327
    0.607123    1.863990    1.719106
    0.170214    1.366426    1.271135
    0.900086    2.137054    2.012728
    0.241728    1.469653    1.360991
    0.539564    1.779786    1.687247
    0.161963    1.359497    1.265068
    0.842116    2.291499    2.178180
    0.439063    1.573751    1.476849
    1.196658    2.655809    2.532051
    0.921489    0.326656    0.247308
    0.657830    0.558408    0.467259
    0.171216    1.065526    0.970752
    1.038766    2.248846    2.133840
    0.327181    1.496804    1.404275
    0.393406    0.816475    0.692606
    0.296219    1.471138    1.385914
    0.180764    1.171363    1.048583
    0.285677    0.930866    0.834001
    0.615459    0.584167    0.511065
    0.282709    1.597923    1.511209
    0.494794    0.717645    0.634763
    0.805478    0.483045    0.380666
    0.146194    1.316688    1.188872
    0.129076    1.204112    1.102906
    0.358451    1.521028    1.416451
    0.240063    1.040004    0.933642
    0.126096    1.107063    1.006070
    0.128292    1.147559    1.039633
    0.246426    0.933294    0.836390
    0.359852    0.883041    0.802286
    0.337357    1.567574    1.438611
    0.180418    1.498022    1.380089
    0.467665    1.715495    1.605194
    0.138110    1.258512    1.180655
    0.328793    0.902250    0.794490
    0.698670    1.848262    1.747487
    0.777099    1.974236    1.878339
    0.520517    1.784344    1.671315
    0.553006    1.755306    1.641144
    0.161510    1.148038    1.043166
    1.083214    0.110538    0.124643
    0.363629    0.920316    0.808652
    0.709903    0.443396    0.385016
    0.349817    1.868044    1.714156
    0.514134    1.707408    1.591522
    0.206373    1.508947    1.400862
    0.993074    2.288060    2.183132
    0.662937    2.128670    2.017702
    0.152419    1.393741    1.284349
    0.594823    0.565263    0.458465
    1.363934    2.522086    2.432654
    0.499105    1.772156    1.646678
    0.770261    0.403339    0.354798
    0.740476    0.400206    0.352595
    0.187279    0.937937    0.875583
    0.405551    1.578464    1.458212
    1.065536    2.192871    2.100926
    0.463933    1.653872    1.519987
    0.335295    1.693333    1.593868
    0.168453    1.124878    1.019814
    0.280155    1.519322    1.404449
    0.396891    1.634563    1.521928
    0.204465    0.982084    0.900407
    0.199560    1.023187    0.899443
    0.216964    1.269752    1.134448
    0.609392    0.734206    0.625593
    0.216417    1.332743    1.225778
    0.556768    0.928178    0.821173
    1.218298    2.598962    2.505895
    0.539500    0.624207    0.540763
    0.189302    1.046028    0.947841
    0.748249    0.457826    0.380022
    0.133106    1.228966    1.113386
    0.420322    1.664423    1.543043
    0.213130    1.344808    1.238361
    0.516805    1.688760    1.585885
    0.125454    1.170116    1.063622
    0.643651    1.755801    1.676976
    0.165888    1.379461    1.283706
    0.200870    0.949704    0.875595
    0.391793    1.128470    0.983202
    0.443101    1.585963    1.481465
    0.967335    0.457482    0.351360
    0.204551    1.299681    1.208187
    0.324803    0.950726    0.838334
    0.257350    0.992022    0.880927
    0.210497    1.442387    1.347301
    0.123347    1.101906    1.034876
    0.511384    0.786198    0.688392
    0.420879    1.730411    1.619431
    0.502647    1.012485    0.865349
    1.177693    2.419684    2.324197
    0.112544    1.059444    0.961472
    0.133032    1.170504    1.078657
    0.146953    1.336817    1.227948
    0.184805    1.000181    0.921901
    0.844802    1.994692    1.903009
    0.633435    1.748986    1.634156
    0.355625    1.002660    0.837248
    0.190523    1.330974    1.219539
    1.171029    0.175269    0.145282
    0.352811    1.490486    1.414198
    0.133593    1.145790    1.039779
    0.429129    0.901880    0.784463
    0.367906    0.842027    0.721563
    0.153666    1.371922    1.283037
    0.356761    1.528226    1.414574
    0.287911    1.745892    1.595086
    0.631535    1.810697    1.701658
    0.904322    2.318793    2.169607
    0.240675    1.410395    1.334379
    0.239932    1.314060    1.229804
    0.603975    0.704221    0.582633
    0.191719    1.463675    1.353408
    0.347538    1.617487    1.525671
    0.493870    1.779706    1.642821
    0.712281    1.816505    1.739037
    0.889806    2.210362    2.075560
    0.136470    1.240003    1.105506
    0.170326    1.440999    1.322697
    0.140203    1.264714    1.153397
    0.798570    0.494164    0.407280
    0.343514    0.907649    0.806325
    0.170971    1.047647    0.957452
    0.575294    1.870208    1.723467
    0.535779    0.764712    0.660247
    0.128936    1.230612    1.116295
    0.146836    1.405290    1.272182
    0.403671    1.118292    1.000622
    0.652215    1.930121    1.840890
    0.192646    1.331585    1.250150
    0.352762    1.498040    1.383054
    0.342142    1.433782    1.349925
    0.131844    1.196802    1.118617
    0.318907    1.450571    1.347896
    0.134324    1.265997    1.148505
    0.365728    1.064671    0.935227
    0.369723    1.000942    0.901048
    0.813864    2.043629    1.937607
    0.404563    1.805896    1.707192
    0.424592    1.630355    1.553688
    0.702849    0.583551    0.467145
    1.195968    2.507238    2.446983
    0.324364    1.559048    1.474038
    0.152549    1.087625    0.994149
    0.152785    1.350147    1.277837
    0.257230    1.051697    0.950535
    0.210644    1.472757    1.363823
    0.591847    1.718719    1.618108
    0.306503    1.597684    1.490426
    0.404066    1.457008    1.362782
    0.639678    1.805035    1.687256
    0.539169    1.938310    1.812754
    0.549080    0.577247    0.485750
    0.116641    1.144019    1.016170
    0.175167    1.160267    1.047987
    0.452637    1.697410    1.579019
    0.601568    0.462525    0.386895
    0.530342    1.947773    1.804722
    0.610358    1.880964    1.770417
    0.942211    2.265882    2.185829
    0.126664    1.140921    1.081338
    0.155245    1.317945    1.225297
    0.591683    0.640300    0.529770
    0.446526    1.663907    1.592585
    0.436444    1.576842    1.484108
    0.238813    0.766698    0.692270
    0.281377    0.994967    0.883067
    0.611636    1.901521    1.778192
    0.116503    1.044221    0.956479
    0.440874    1.675528    1.616007
    0.314277    0.935418    0.829204
    0.551719    1.751334    1.645455
    0.141963    1.287323    1.196955
    0.606783    1.756706    1.678594
    0.341479    1.449570    1.366392
    1.237777    0.103575    0.233988
    1.277909    2.361005    2.270124
    0.650882    1.871167    1.748717
    0.304956    1.562485    1.449830
    0.294897    1.669904    1.537495
    0.137491    1.302253    1.185153
    0.281451    0.962979    0.866841
    1.004015    2.147598    2.020631
    0.402473    0.870700    0.761577
    0.586367    1.790620    1.694630
    0.807543    2.051489    1.927668
    0.685487    1.960756    1.858488
    0.596930    2.023803    1.929443
    0.875568    0.288221    0.209491
    0.360677    1.740073    1.627389
    0.213198    1.069183    0.954013
    0.440992    0.996425    0.890375
    0.128625    1.108275    1.023892
    1.016455    2.231721    2.118829
    0.408161    1.723619    1.595513
    0.242855    1.271211    1.195755
    0.240637    0.981463    0.871129
    0.145446    1.359661    1.247255
    0.519363    1.736943    1.646047
    0.500915    0.697638    0.622780
    0.297351    1.447528    1.338849
    0.679844    2.006440    1.883360
    0.343933    1.073232    0.965795
    0.350487    1.482037    1.395291
    0.595197    1.815085    1.707541
    0.395647    0.828298    0.726167
    0.541926    1.741058    1.649715
    0.119631    1.118765    1.030588
    1.037321    0.282415    0.198217
    0.356439    1.577526    1.471895
    0.127719    1.191885    1.091818
    0.826499    2.077570    1.995826
    0.740711    2.009724    1.883479
    0.145897    1.182068    1.099996
    0.288246    0.866581    0.790013
    0.155848    1.308552    1.196728
    0.268201    1.491556    1.381419
    0.436555    1.525989    1.413110
    0.634942    1.853079    1.721191
    0.196327    1.086882    0.992624
    1.123721    2.475556    2.340807
    0.201481    1.449904    1.344300
    0.327346    1.582294    1.474704
    0.242188    0.816815    0.731746
    0.978721    2.155668    2.062219
    0.179188    1.349099    1.236254
    0.192960    0.958948    0.847178
    0.242130    1.570878    1.497468
    0.839080    0.490184    0.380685
    0.147089    1.284388    1.203122
    0.354072    1.487455    1.397817
    0.228045    1.380620    1.292725
    0.387163    1.593571    1.455560
    0.535798    1.834564    1.709601
    0.581624    1.628370    1.576549
    0.826440    0.507441    0.416118
    0.259929    1.549914    1.444799
    0.190784    1.388905    1.256385
    0.370381    0.813473    0.703106
    0.238897    1.403279    1.318151
    0.643189    1.977575    1.842785
    0.750485    1.992964    1.890601
    0.462047    0.848180    0.730192
    0.334642    1.411134    1.309832
    0.745142    2.015540    1.888568
    0.443611    1.564449    1.445985
    0.247131    1.041955    0.945899
    0.208847    1.075047    0.960825
    0.199627    1.271161    1.185675
    1.269146    2.545321    2.430576
    0.403198    1.625699    1.550440
    0.709154    0.556439    0.468386
    0.229327    1.023680    0.934241
    0.235114    0.963399    0.862166
    0.699460    1.918474    1.818219
    0.196161    1.050156    0.927532
    0.431828    1.457029    1.356118
    0.147487    1.369675    1.254845
    0.410409    1.660805    1.545062
    0.453503    1.656481    1.546894
    0.961377    0.336735    0.240742
    0.629258    0.735763    0.636430
    0.928887    0.463838    0.371819
    1.273672    0.118839    0.155814
    0.134315    1.188892    1.092220
    0.272265    1.534923    1.424732
    0.150616    1.399926    1.260362
    0.419316    1.716089    1.629038
    0.657772    1.911856    1.804680
    0.228012    1.406361    1.321661
    0.643905    1.847320    1.745267
    1.151036    2.543476    2.427447
    2.020100    0.729657    0.849323
    0.402978    1.536755    1.435628
    1.075411    0.143638    0.130523
    0.383954    1.608038    1.485068
    0.194763    1.122314    0.998622
    0.142819    1.341863    1.223906
    0.577095    1.820337    1.726228
    0.156112    1.294108    1.224145
    0.231538    1.011320    0.939570
    0.315922    0.886539    0.789287
    0.320809    1.554597    1.448668
    0.161325    1.307128    1.218382
    0.640748    0.627444    0.528242
    0.123642    1.189322    1.071271
    0.272100    1.022757    0.935751
    0.129053    1.222654    1.115901
    0.580132    1.878172    1.781226
    0.132116    1.233370    1.138362
    0.275467    1.285289    1.220278
    0.434483    0.778304    0.687625
    0.179155    1.159965    1.061972
    0.361065    1.554318    1.486783
    0.796897    1.932424    1.827571
    0.709545    1.862738    1.749468
    0.200129    1.551414    1.448661
    0.211544    1.265103    1.137416
    0.363180    0.842539    0.742326
    0.151820    1.198447    1.098188
    0.287673    1.512818    1.414024
    0.814813    2.104337    1.976922
    0.651267    1.849528    1.719786
    0.225855    1.396593    1.289920
    0.132258    1.047157    0.956289
    0.564847    1.718439    1.614075
    0.164252    1.078187    1.009262
    0.126549    1.055193    0.960485
    0.507020    1.000869    0.899788
    0.212796    1.038941    0.940169
    0.195831    1.414602    1.350151
    0.621445    1.869990    1.751819
    0.146647    1.390957    1.266471
    0.258840    1.067612    0.961043
    0.500071    1.039315    0.913517
    0.663682    1.829222    1.702648
