    0.789308    2.286631   14.071926
    1.344759    2.661801   15.541401
    0.875923    2.467266   15.170696
    1.721081    3.301502   18.921322
    0.746036    2.462012   15.219219
    0.851071    2.939836   18.163652
    1.759145    2.971716   16.293624
    3.016860    3.935254   17.836464
    2.747288    4.361279   22.904833
    3.060792    4.200423   20.044897
    1.240022    3.703930   22.765924
    0.847949    2.820583   17.433432
    1.783694    3.442857   19.559096
    1.432405    3.009961   17.750111
    0.895920    2.773919   17.134880
    1.881538    4.555620   27.224059
    2.108215    3.759750   20.786052
    2.192766    3.795126   20.846236
    1.241709    3.366170   20.558860
    2.390341    4.847486   27.818575
    1.681092    3.201062   18.332058
    1.063896    2.915447   17.765276
    5.065771    5.968931   22.588517
    1.218947    3.742427   23.058364
    1.768232    3.469019   19.969341
    1.852841    3.571277   20.370525
    1.037099    3.139266   19.338597
    1.755658    3.962985   23.489875
    1.297262    4.356692   26.927927
    1.336540    3.916770   24.012949
    0.857967    2.950234   18.209424
    1.094607    2.849414   17.399627
    1.445542    3.568225   21.417559
    1.967095    4.218278   24.690002
    1.162724    2.942528   17.844357
    1.113187    3.006325   18.347599
    1.431836    3.425805   20.606647
    1.408139    3.599426   21.788986
    1.105327    3.293334   20.228542
    0.738090    2.564278   15.755189
    1.214375    3.230731   19.674862
    1.819067    4.400205   26.376102
    1.135890    2.991121   18.218005
    0.926711    3.105705   19.198737
    1.621205    3.756411   22.319262
    1.252149    3.240134   19.715327
    0.732917    2.416285   14.933927
    1.455434    3.190794   19.037287
    1.601505    3.595781   21.373411
    1.403363    3.473253   20.875641
    1.415277    4.085046   25.011602
    1.027918    3.005646   18.503094
    1.637036    3.495650   20.694574
    1.710939    3.154857   18.104225
    1.483825    3.083511   17.963269
    2.052186    4.055235   23.033246
    1.660706    3.463933   20.379872
    2.021804    3.343514   18.171964
    2.515934    3.634215   18.206053
    1.085269    3.058214   18.748358
    0.871096    2.998148   18.537364
    0.964181    2.708738   16.609387
    0.865882    2.641394   16.308658
    0.985292    3.312072   20.474516
    1.460771    3.455527   20.742926
    1.037817    3.361011   20.764976
    1.074824    3.076607   18.849233
    2.910857    4.622377   24.253319
    3.310294    5.219013   27.188943
    2.623047    3.810641   19.507415
    1.043820    2.848418   17.469947
    0.800901    2.780880   17.129659
    1.167807    3.559015   21.909348
    1.145118    3.180640   19.458329
    1.062178    3.268593   20.133909
    1.938107    3.592395   20.617775
    1.416837    3.883849   23.698190
    1.240508    3.523995   21.616741
    0.924415    2.708221   16.658716
    1.042763    3.279347   20.203186
    1.015898    3.142844   19.380440
    1.007988    2.826511   17.370667
    1.173051    3.478800   21.401207
    0.881016    2.895319   17.897511
    1.268894    3.182261   19.330629
    1.762556    3.696649   21.587193
    1.007544    3.009457   18.537946
    1.139503    2.972445   18.103024
    0.839024    2.834779   17.511333
    1.438917    3.126401   18.508102
    1.036962    3.010376   18.509673
    1.035424    2.948252   18.078103
    1.955552    4.058583   23.871100
    0.998468    3.137463   19.367475
    1.664933    2.761716   15.508403
    0.833803    2.615368   16.127559
    1.255677    2.956828   17.833641
    1.971822    3.772499   21.332228
    1.054589    3.593652   22.219763
    0.848615    2.942547   18.143046
    1.633224    3.865062   23.093209
    1.723835    3.958571   23.494899
    2.701452    4.367244   23.704618
    1.552637    3.609373   21.650075
    1.257301    3.779565   23.276631
    1.788795    3.785997   22.306024
    1.346878    3.521665   21.384912
    1.412401    3.330940   20.017084
    1.335221    3.195056   19.216890
    1.238414    3.163937   19.234114
    1.507376    3.260568   19.270165
    0.947034    3.233003   19.986344
    0.906978    2.988789   18.187762
    2.494144    4.107437   22.158653
    1.470814    3.571264   21.398015
    1.643544    3.070610   17.507352
    1.511821    3.166406   18.690063
    0.937183    3.031798   18.737077
    0.786890    2.630900   16.255844
    1.533592    3.438970   20.337608
    1.492895    3.173629   18.883233
    1.915133    3.763674   21.750645
    1.587391    3.489228   20.694879
    1.453320    3.649185   22.137111
    1.459979    3.859836   23.373080
    1.106761    3.234505   19.900823
    1.344525    4.168035   25.615527
    2.670667    3.718163   18.423475
    1.270259    3.094080   18.669014
    1.475365    3.863802   23.401444
    0.984266    2.934339   18.077997
    1.723706    4.085732   24.434835
    1.018092    3.255854   20.107179
    0.967746    2.987619   18.426560
    2.907706    4.562605   23.860854
    1.808665    3.502293   20.213532
    1.068688    2.885805   17.668563
    1.133983    2.960983   18.131342
    0.958569    3.297073   20.266333
    0.815036    2.705084   16.723287
    0.886282    2.987978   18.472542
    1.407320    3.880765   23.716408
    0.975737    3.230243   19.956818
    0.926438    2.845298   17.549542
    1.153138    2.754539   16.646143
    1.645290    3.378977   19.900314
    0.868533    3.020853   18.640195
    1.423488    3.842302   23.454985
    1.439935    3.482128   20.990866
    0.721194    2.474212   15.279781
    3.249842    4.822378   24.440832
    1.533392    2.844478   16.285165
    1.001220    3.123207   19.265197
    1.087108    3.211342   19.750410
    2.364699    4.118374   22.537415
    1.580218    3.399017   20.021491
    1.386998    3.191275   19.086353
    1.058903    2.815225   17.172126
    0.952009    3.168148   19.582033
    1.327309    3.719054   22.762112
    1.644923    3.124416   17.933013
    2.450011    4.337086   24.116551
    1.478006    3.691371   22.323885
    2.283958    4.307527   24.180102
    2.209213    3.455525   18.424123
    2.193660    3.995864   22.310210
    0.955959    3.112944   19.237844
    0.940138    3.050142   18.852216
    1.237127    3.141459   19.115859
    3.379365    4.533849   21.178737
    1.409335    2.921818   17.164951
    1.038758    3.369922   20.823497
    1.229334    3.741167   23.060078
    1.626473    4.074821   24.527426
    3.297208    4.118070   18.354052
    0.777168    2.646469   16.333987
    1.243801    3.081088   18.639797
    1.518309    3.971812   24.018359
    0.930059    2.566659   15.786583
    0.879961    2.515441   15.499090
    1.442801    3.533060   21.323568
    1.074037    3.546757   21.914092
    1.249049    3.702485   22.723111
    4.141931    5.735389   27.385658
    1.160927    3.241494   19.778854
    2.675190    3.584343   17.101607
    1.615912    4.376419   26.625372
    1.121451    3.287058   20.194099
    1.211090    3.324976   20.340571
    2.106143    3.876128   21.874145
    1.133697    3.657619   22.579985
    1.577422    2.914750   16.813454
    1.169516    3.340684   20.466849
    1.271807    3.617903   22.081483
    0.976294    2.900874   17.846058
    1.302660    3.848744   23.663545
    1.215364    3.317346   20.265399
    1.635961    3.704055   21.933771
    1.514133    4.206562   25.687037
    2.164342    3.429127   18.685460
    1.069964    2.652593   16.138434
    1.736625    3.779187   22.247961
    0.928600    3.019024   18.658604
    1.216847    3.001016   18.234132
    1.485879    3.481555   20.855058
    1.092557    3.233328   19.895751
    2.028190    3.385942   18.526683
    1.070734    3.616471   22.359324
    1.032309    3.044619   18.688432
    0.908436    2.666653   16.432066
    2.604437    3.976127   20.735993
    1.642771    3.741521   22.405496
    3.304451    4.455978   21.259190
    1.134966    3.331585   20.462941
    2.145066    3.856283   21.856834
    1.550941    3.471360   20.659591
    1.074472    3.114082   19.144426
    1.004533    2.941719   18.118489
    1.248903    3.341075   20.395536
    1.790590    4.381483   26.259007
    1.135187    3.317984   20.382320
    1.248468    2.857084   17.069145
    1.044900    2.884483   17.648225
    1.290994    3.241244   19.603586
    1.228475    3.675163   22.625455
    0.828522    2.846862   17.576164
    1.006612    3.223825   19.888819
    2.852924    4.145556   20.642464
    1.198148    3.699930   22.824794
    2.244757    3.738586   20.076526
    1.289566    3.564644   21.810311
    2.794481    3.829707   18.472891
    1.568694    3.878137   23.491363
    1.199087    3.243455   19.824167
    3.419564    4.748145   22.961937
    1.086283    3.580185   22.120890
    1.027426    3.011443   18.529538
    1.358666    3.560513   21.658713
    1.405544    3.264273   19.594699
    1.360147    3.264426   19.652440
    0.896434    2.786826   17.198266
    1.728157    3.906106   23.110785
    3.012527    4.375010   22.575551
    1.157416    3.422275   21.013480
    1.090377    2.643152   16.004226
    1.175909    3.368112   20.678250
    1.336953    3.818132   23.363873
    3.252576    4.564360   22.612904
    1.159219    2.831449   17.218904
    1.676962    2.927970   16.527422
    1.901488    3.717292   21.460244
    1.059328    3.202089   19.739423
    1.793212    3.925963   23.123803
    1.826404    3.968589   23.386217
    1.290101    3.445506   21.002274
    2.536391    3.924968   20.708724
    1.736387    4.040645   24.210341
    1.425619    3.289103   19.804341
    1.509804    3.011022   17.555172
    2.277332    3.935731   21.882633
    0.732467    2.382878   14.722641
    1.656099    3.704963   22.014620
    1.200460    2.882630   17.392907
    1.498140    4.220416   25.697449
    1.445145    3.548553   21.405974
    2.178951    3.564225   19.602224
    1.198333    3.031436   18.441619
    1.375571    3.980803   24.409610
    0.869369    2.731716   16.878896
    1.302605    3.041958   18.244885
    1.019019    2.643059   16.167618
    2.289641    3.546174   19.087134
    1.163108    3.382161   20.791912
    1.666122    3.989756   23.755143
    1.311214    3.468028   21.094046
    0.896402    2.992165   18.497844
    1.384934    3.069592   18.377860
    1.166389    2.957761   17.973651
    1.217768    3.995959   24.663537
    0.862270    2.988920   18.343342
    1.285204    3.722251   22.832249
    1.100227    3.215808   19.812961
    1.984069    3.500113   19.718589
    2.022581    3.439848   19.027916
    1.072075    3.160922   19.425667
    1.273309    2.895967   17.328894
    1.623252    3.758358   22.362800
    0.767102    2.543002   15.721080
    0.995360    3.287682   20.317488
    1.313909    3.567150   21.788067
    1.633760    3.453079   20.147748
    1.156627    3.342844   20.425574
    1.472222    4.006322   24.436581
    1.342640    3.854150   23.617757
    0.903742    2.854298   17.627466
    1.219920    2.972879   18.037438
    0.857076    2.740213   16.910861
    0.858612    2.884343   17.830428
    1.732008    3.074671   17.416941
    1.728335    3.959173   23.628474
    1.230300    3.276908   20.009381
    1.037298    2.823527   17.229058
    1.525374    3.631626   21.921333
    1.392888    3.803389   23.181184
    0.959584    3.264510   20.180449
    2.322328    3.972378   22.145320
    1.552903    3.614736   21.646329
    0.738257    2.567692   15.804413
    0.738043    2.559679   15.796261
    1.025607    3.082404   18.980608
    1.126798    3.031926   18.507900
    1.531551    3.442357   20.543797
    1.013888    3.474071   21.477918
    1.037771    3.261912   20.142637
    0.747190    2.562941   15.761404
    1.110270    3.394637   20.908087
    1.474841    3.583302   21.608395
    1.486804    3.206150   18.962114
    0.813191    2.479204   15.294380
    1.280840    3.072549   18.527845
    1.627081    3.244773   18.981022
    0.907770    2.896689   17.894688
    1.014585    3.449237   21.327702
    2.235545    3.811386   21.054925
    1.138137    3.061652   18.745070
    1.212318    3.399338   20.780343
    1.430592    3.958362   24.126296
    0.934008    2.915758   17.992919
    1.636172    3.777230   22.505113
    0.912775    2.495687   15.326398
    2.313467    3.921702   21.741423
    1.372495    3.603691   21.905345
    1.571544    4.048491   24.560383
    1.002190    3.032269   18.687851
    3.110259    4.346398   21.285123
    1.532936    4.047137   24.496625
    1.184782    3.063654   18.668840
    1.062220    3.224567   19.887520
    1.237841    3.509495   21.402892
    1.088071    3.112948   19.059882
    1.647022    2.667471   14.790632
    1.239902    3.276540   20.006354
    1.330410    3.624532   22.123336
    1.151560    2.845538   17.269126
    2.046730    3.984377   22.964071
    0.964404    3.237971   20.017795
    1.265027    3.646186   22.401283
    1.155303    3.373600   20.640796
    1.171050    3.569683   21.983487
    1.298462    2.900417   17.189431
    1.442016    3.326820   19.981685
    0.954780    3.301377   20.386029
    0.878991    2.781877   17.190521
    1.085416    3.145064   19.271326
    4.518343    5.415047   22.012115
    0.816804    2.838039   17.485641
    1.401708    3.900134   23.775993
    1.016721    3.160400   19.480641
    1.040914    3.424051   21.154576
    1.096211    3.404161   20.973144
    1.106228    3.755547   23.221775
    3.228397    4.166178   19.127224
    1.789127    3.552037   20.726623
    0.825849    2.552862   15.771831
    1.293604    3.012403   18.056421
    1.907255    3.678623   21.382852
    1.304437    3.508398   21.432913
    1.544639    3.623931   21.585988
    3.158535    4.836521   25.005264
    1.385279    3.289243   19.769511
    1.227649    3.336284   20.312021
    1.526993    3.547951   21.126253
    1.216086    3.106568   18.961247
    1.096894    3.157601   19.430286
    2.701188    3.333890   14.814420
    1.311209    3.023075   18.115787
    1.874377    3.702577   21.324041
    0.926654    2.851961   17.609762
    1.253624    3.253102   19.733219
    0.796827    2.567300   15.867396
    2.498458    4.332800   24.057162
    1.415046    3.636075   21.989983
    1.499223    3.299755   19.778274
    2.420862    4.169626   23.052935
    1.303802    3.548268   21.577508
    0.995721    3.050608   18.826315
    0.886627    2.898980   17.919674
    1.869337    3.222368   18.097138
    1.359547    3.088371   18.485951
    0.888179    2.865210   17.701937
    1.731883    3.879072   22.924116
    1.230518    3.267711   19.844539
    1.440779    3.636277   21.875011
    1.607313    3.845824   23.019839
    1.790240    3.214383   18.246182
    1.159543    3.336463   20.438115
    1.437307    3.603475   21.797959
    1.057194    2.990922   18.311543
    1.582446    3.834593   23.150304
    1.591400    3.674470   21.806459
