    8.185754    4.142630   10.627556
    7.326562    3.805101    8.821206
    7.509143    3.861154    9.412653
   10.043990    5.262419   14.027143
    6.759792    3.771232    8.445574
    6.481209    3.538944    8.217445
    8.504725    4.263605   11.680359
   11.176018    5.910952   15.159692
    6.748677    3.312175    8.118026
    8.596211    4.590837   11.118089
    7.994516    4.134428   10.616915
    8.406451    4.488364   10.674920
    9.334730    4.993642   12.776654
    8.676139    4.236849   11.334544
    7.612999    3.838412    9.038843
    8.323361    4.087138   11.285255
    7.664502    3.696032   10.020533
    7.652604    3.932558    9.863390
    8.939611    4.903702   11.732807
    6.692539    3.334748    8.056990
    7.123640    3.496104    8.555281
    7.689248    4.262224    9.724836
    8.219143    4.357398   10.311637
    5.294272    2.717268    6.544944
    8.548615    4.296082   10.881925
    7.500995    4.146285    8.967943
    8.777694    4.496693   11.448377
    9.483736    5.008612   13.038549
    7.500479    3.469150    9.907608
    7.594824    3.580022    9.479794
    8.305929    4.264123   11.518065
    6.990397    3.648084    8.633178
    8.412926    4.362536   10.885997
    9.448984    5.012177   11.866921
    6.071688    2.957729    8.266298
    8.504903    4.328740   10.584475
    8.523400    4.604854   10.822057
    6.927715    3.594194    8.477505
    8.537159    4.640103   10.647177
    7.348662    3.529315    8.715367
    7.675975    4.056130    9.231686
    7.796471    4.164118    9.437482
    9.628876    4.879589   13.083762
    8.990891    4.757278   11.824929
    6.954574    3.774874    8.429074
    7.505433    3.789773    9.044031
    7.310237    4.445831    9.475258
    8.204255    4.226323    9.841568
    6.881883    3.639936    8.733406
    8.632107    4.562303   11.852436
    7.305678    3.721861    8.872735
    5.709135    2.948658    7.077650
    8.697354    4.575257   11.537741
   10.522558    5.787944   15.103623
    6.394542    2.834185    7.646376
    9.565640    5.001233   12.705751
    7.284702    4.453772    8.887882
    7.062659    3.857332    8.550516
    7.381942    3.602363    9.028885
    4.757070    2.106562    6.253161
    7.271880    3.539669    8.675684
    8.628639    4.305224   10.594212
    8.758871    4.657024   11.022911
    8.641189    4.713110   11.248350
    7.718730    3.918683   10.560192
    7.964494    4.379594   10.018143
    9.645525    4.953620   11.679684
    8.755296    4.317943   12.314250
   11.747343    5.920660   17.578829
    5.752094    3.215736    7.451684
    7.413784    3.754094    8.769736
    7.028876    4.145351    9.293136
    6.918440    3.570248    8.437284
    5.992443    3.109097    7.190552
    7.008259    3.349112    8.662664
    7.773763    4.093319    9.820783
    7.610375    3.911180   10.123343
    7.293147    3.984022    8.815610
    7.369070    4.106927    9.822056
    5.953128    2.992130    7.018053
   10.474757    5.468100   14.334270
    7.579383    3.664710    9.055613
    8.148169    4.090229   10.082281
    7.701942    3.563935   10.198068
    7.208186    3.695270    9.068146
    8.994164    4.923746   11.126131
    8.951648    4.622481   11.613521
    8.878780    5.131195   11.212078
    7.222065    3.703586    8.865522
    7.655170    3.747598    9.630580
    7.172038    3.774716    8.785700
    5.635345    2.947676    7.082232
    6.918111    3.299348    8.769759
    7.281601    3.535736    9.535497
    9.384457    5.116970   11.079120
    7.986426    3.938640   10.367756
    8.436229    4.204804   11.855256
    6.865888    3.446639    8.624353
    8.770074    4.497503   10.686150
    9.837895    5.238064   12.452192
    9.079194    4.486915   12.026080
    7.954926    4.027444   10.459224
    7.862163    3.658764    9.689065
    9.718032    5.024462   13.102369
    6.593169    3.166274    8.103902
    7.304161    3.705850    8.551234
    9.405170    4.633154   12.476403
   10.381280    5.378833   14.543550
    9.311037    4.571530   12.667091
    7.590113    3.655111    9.595677
    7.785664    3.854612    9.680333
    6.501406    3.177657    7.797232
    7.723230    4.165878   10.285032
    5.704508    2.362512    6.771786
    8.250899    4.168068   11.204834
    7.110816    3.514722    8.986838
    6.986543    3.508052    8.864636
    9.376742    4.894393   11.457000
    9.268443    4.940814   11.573609
    6.826332    3.362910    8.728993
    9.601113    5.212716   13.018818
    9.305685    4.971304   11.876669
    7.680003    3.803935   10.052878
    9.659016    5.147826   12.507427
    6.728186    3.451649    8.300643
    5.699944    2.564645    6.799983
    7.970656    4.278229   10.089019
    7.557067    4.321248    9.571510
    7.501936    3.542838    9.534441
    8.972634    4.540278   10.876899
    9.878188    4.731014   12.656516
    7.653636    3.268826    9.599959
    9.168441    4.763118   11.532299
    8.836859    4.617232   10.921559
    9.129367    4.733359   12.288272
    7.781105    4.205181   10.284376
    8.783619    4.364598   10.830714
    7.656136    3.788868    9.424539
    9.146508    4.948935   12.514574
    9.552196    4.925341   13.455235
    6.820429    3.390285    9.475976
    9.395257    4.734201   12.287640
    7.620170    3.853575   10.042803
    4.905720    2.727851    6.657058
    7.203044    3.643620    8.906486
    6.179092    3.057878    7.824892
    9.455626    4.734456   13.135972
    6.929359    3.893605    8.849295
    9.704476    5.194191   12.780704
    5.888694    3.076480    7.637324
    6.720720    3.110530    8.442574
    9.702457    5.194113   12.882614
    7.418657    3.760253    9.454571
    7.847598    4.151153   10.056150
    6.034248    3.209867    7.258384
    7.741436    4.033430    9.447703
    9.065639    4.831830   12.345311
    8.942905    4.841482   11.323680
    7.123703    3.710704    9.247354
    7.574304    4.025232    8.949491
   10.161402    5.938957   13.288347
    7.455675    3.989761   10.458357
    5.852297    2.976039    7.160108
    7.880141    4.261892    9.595741
    7.968121    4.397544   10.200340
    9.794028    4.988419   13.486998
    7.913332    3.822545    9.895488
    9.003083    4.489570   11.446251
    7.673160    3.853849    9.311390
    8.385506    4.619488   11.105208
    5.926929    2.897551    7.587935
    9.250983    4.816733   12.786524
    8.029114    4.000875   10.571454
    7.829205    3.964495   10.943950
    2.712703    0.989195    3.899304
    7.929515    4.047884   10.421879
    7.253818    3.951841    9.128402
    6.053985    3.579948    7.549599
    7.303909    3.701806    9.491470
    6.917005    3.533401    8.806911
    7.869242    3.959330   10.095017
    9.535154    5.064716   12.823883
    7.180511    3.650669    9.565592
    6.301540    3.054213    7.926510
    7.049489    3.648430    8.697834
    6.479043    3.127016    8.357490
    8.035527    4.217786   11.607177
    8.161700    4.153114   10.994257
    7.582073    4.405996   10.141944
    8.834173    4.594283   11.913834
    5.762804    2.729060    6.861875
    8.322364    4.554050   10.043929
    7.972221    3.805856   10.788311
    6.359592    2.913733    8.129458
    6.374616    3.197009    7.668618
    6.655568    3.064220    8.776576
    7.115577    3.684854    9.416212
    6.583337    3.425546    8.561803
    6.397917    3.448350    8.278322
    6.307608    3.173840    8.130810
    8.516727    3.941414   12.673482
    6.733337    2.793919    8.831795
    5.160030    2.551500    6.425010
    7.758728    3.889934    9.558147
    7.042830    3.594467    8.514991
   11.164662    5.761726   15.173076
    6.336526    3.319512    7.788824
    9.376332    4.900248   11.718822
    7.303943    3.722691    9.290090
    7.257353    3.976358    9.519968
    7.117630    3.657123    8.622953
    9.964401    5.623229   12.188419
    7.845738    3.717648   10.028630
    4.061088    1.900017    5.089287
    6.491735    3.052990    7.780220
    5.974489    2.746357    7.801635
    6.523957    3.284784    7.800427
    4.622855    2.272716    5.800021
    6.723186    3.376029    8.229987
    8.787647    4.538825   11.364745
    7.595592    3.807329    9.888574
    8.007315    4.222245    9.588491
    6.954484    3.164774    9.252946
    5.834399    2.824008    6.990976
    6.241440    3.361178    7.699299
    6.125717    2.982325    7.337727
    7.703024    3.785049   10.716003
    5.646946    2.862289    7.024077
    7.091985    3.537738    8.510381
    5.962285    3.266977    7.586894
    6.836385    3.631295    8.574260
    7.145355    3.578648    8.735858
    9.668316    4.874828   13.023762
    8.195769    4.201239    9.986044
    7.978077    4.370797    9.959228
    8.813893    4.285392   12.033581
    6.184132    2.955961    8.369114
    8.475110    4.227738   11.344611
    8.603488    4.614635   11.036603
    7.580042    3.977180    9.024559
    8.924146    4.460821   11.977695
    6.971541    3.676660    9.229708
    7.563334    3.888465   10.203015
    8.927406    4.658005   11.148866
    7.012363    3.729727    8.517805
    6.674786    3.265235    9.118241
    7.543974    3.968369   10.297435
    7.072511    3.573721    8.455948
    8.887598    4.098744   11.563912
    6.986649    3.535116    8.283883
