    7.722481    7.738202   10.776008
    4.300256    4.314565    5.778080
    5.879311    5.895040    7.904608
    6.177287    6.194939    8.342711
    4.646052    4.662118    6.160498
    7.126724    7.140927    9.927040
    6.351186    6.370330    8.743065
    7.750059    7.767572   10.849362
    8.417274    8.428701   12.020885
    6.277924    6.296558    8.706682
    6.837939    6.853964    9.637467
    5.668645    5.685704    7.574176
    6.319673    6.337285    8.654492
    6.169838    6.183842    8.583981
    7.120397    7.132845    9.930796
    7.332896    7.349840   10.019885
    7.475851    7.492504   10.400280
    4.965413    4.980281    6.687133
    5.755019    5.769878    7.811966
    7.226300    7.246630    9.946041
    7.516724    7.529640   10.509517
    6.552446    6.569262    9.077928
    5.695605    5.714167    7.755610
    7.300851    7.321650   10.219491
    6.122077    6.136893    8.367992
    6.529038    6.545638    8.980837
    4.689456    4.702807    6.243995
    8.174464    8.189926   11.437895
    5.150441    5.166468    7.101165
    6.526683    6.541275    9.034757
    5.993082    6.011496    8.211753
    5.851520    5.869163    8.062173
    8.207984    8.225180   11.347993
    7.041250    7.059241    9.776351
    8.294004    8.310260   11.640207
    5.780667    5.793589    7.984813
    7.717874    7.737710   10.722544
    6.294174    6.309372    8.704911
    8.146314    8.161923   11.500473
    6.528333    6.542384    8.993801
    7.340318    7.356551   10.125557
    6.988425    7.003663    9.595584
    6.629764    6.645211    9.164574
    4.845191    4.858585    6.500425
    7.345805    7.361260   10.209444
    6.054125    6.069674    8.388882
    7.630922    7.646161   10.677595
    6.427708    6.448329    8.799554
    5.893998    5.912604    8.056518
    4.612221    4.626494    6.172782
    6.779352    6.797347    9.420687
    8.419181    8.435692   11.761308
    6.067292    6.083174    8.223849
    7.263746    7.277657   10.169708
    4.972842    4.987290    6.630361
    6.051390    6.069593    8.403815
    9.925882    9.943153   14.188294
    5.017086    5.032875    6.688008
    7.643940    7.660916   10.558725
    5.744168    5.758356    7.893159
    7.248106    7.264046   10.081203
    7.586646    7.606400   10.423358
    6.468226    6.482078    9.018091
    6.423312    6.443830    8.694268
    7.675345    7.694727   10.583619
    5.724954    5.739628    7.842998
    5.494917    5.509586    7.456001
    5.697986    5.713550    7.859732
    7.866365    7.882766   10.906791
    9.315920    9.334108   13.136436
    4.403989    4.416489    5.934483
    6.596125    6.612242    9.204875
    6.819538    6.834417    9.502405
    5.629650    5.641697    7.731455
    6.623705    6.638283    9.268939
    8.094014    8.113866   11.339285
    4.937036    4.950308    6.621175
    6.392527    6.405106    8.916592
    5.228119    5.243131    7.026655
    6.960657    6.977073    9.622105
   10.379750   10.390919   14.840737
    9.089506    9.104541   12.890071
    5.847845    5.864027    7.964651
    5.456867    5.470490    7.489136
    6.435723    6.450357    8.965137
    5.041272    5.057193    6.841946
    7.196196    7.215211   10.045203
    6.877176    6.892278    9.525000
    6.595373    6.609721    9.145089
    5.673786    5.692202    7.814815
    5.815049    5.836479    7.962782
    6.950820    6.964984    9.657744
    7.922854    7.937188   11.251583
    5.577233    5.590103    7.601645
    7.019675    7.035681    9.659655
    6.559090    6.578602    9.026247
    8.178303    8.193221   11.398556
    5.746726    5.761059    7.904788
    5.677862    5.692943    7.688204
    5.789908    5.805772    7.927276
    8.215284    8.233611   11.468696
    7.997299    8.012825   11.235518
    6.321320    6.334444    8.874320
    7.300047    7.319757   10.008863
    5.909614    5.924957    8.108129
    5.627979    5.639767    7.776585
    8.412659    8.429559   11.889903
    6.860798    6.874032    9.544440
    6.964680    6.979840    9.682952
    6.132378    6.143755    8.537834
    5.446470    5.461899    7.558871
    7.652062    7.665466   10.720530
    6.158024    6.176223    8.380970
    5.331108    5.345476    7.146385
    7.026886    7.042376    9.726882
    7.567921    7.584390   10.528042
    5.362876    5.379331    7.320699
    8.610791    8.625090   12.062927
    5.583879    5.601189    7.435673
    4.802975    4.816755    6.457420
    4.791086    4.805573    6.479908
    6.298514    6.313235    8.628295
    7.333948    7.347613   10.311095
    5.746564    5.760841    7.985507
    8.660868    8.677088   12.226687
    6.340419    6.357433    8.617903
    7.204716    7.219622   10.046291
    8.875071    8.898066   12.535513
    7.557452    7.569743   10.586602
    7.086274    7.101301    9.750822
    7.645366    7.658758   10.726578
    7.295224    7.310235   10.134241
    8.102897    8.119329   11.311656
    6.527935    6.542084    8.991478
    7.013974    7.029980    9.851908
    6.175293    6.191162    8.434681
    6.224940    6.239266    8.556490
    6.146507    6.159047    8.486359
    7.009896    7.025676    9.608999
    7.169765    7.184247    9.951429
    6.167030    6.182264    8.483987
    5.787661    5.807948    7.796794
    5.926862    5.942970    8.075933
    9.744862    9.757972   13.903717
    7.939467    7.957313   11.236776
    9.756296    9.772887   13.837938
    5.709779    5.721562    7.998620
    5.340420    5.354081    7.266993
    7.827614    7.839332   11.060058
   12.914778   12.927181   18.610087
    6.913801    6.927836    9.572650
    6.752172    6.767077    9.433080
    5.705936    5.721449    7.784635
    7.259662    7.273816   10.216485
    7.550045    7.567561   10.638038
    8.965995    8.979299   12.713658
    8.350371    8.366876   11.640278
    5.786518    5.799849    7.962296
    8.029070    8.045722   11.377781
    7.330548    7.343683   10.268958
    6.513079    6.532299    8.798279
    6.542567    6.558301    8.926903
    5.598779    5.614972    7.668249
    7.410216    7.424329   10.396858
    6.079122    6.094726    8.246919
    5.201919    5.218795    7.027518
    5.485369    5.499121    7.592462
    8.228668    8.244479   11.519010
    5.955967    5.970201    8.108393
    6.544005    6.559530    9.121513
    7.322550    7.347434   10.034374
    5.776861    5.790166    7.877213
    9.527394    9.545843   13.443946
    6.699290    6.714473    9.223041
    6.260339    6.274479    8.719388
    6.449518    6.466163    8.834030
    4.569057    4.584987    5.981327
    7.232683    7.250135    9.915989
    7.046396    7.060164    9.921582
    4.778765    4.791370    6.447222
    6.830804    6.846764    9.473741
    8.326807    8.340398   11.684673
    6.768448    6.782932    9.384249
    6.692304    6.707533    9.190739
    5.764441    5.775436    7.983477
    8.386852    8.406683   11.716789
    8.456734    8.471017   11.955778
    7.139676    7.154415    9.919301
    7.257001    7.274648   10.116366
    6.140361    6.154124    8.619703
    7.606525    7.624079   10.752433
    6.148723    6.168103    8.436083
    5.421682    5.436112    7.382523
    5.922678    5.939322    8.011239
    6.791835    6.808023    9.536228
    6.673787    6.689529    9.411607
    4.455554    4.474922    5.904906
    6.188980    6.203276    8.494972
    5.607836    5.622376    7.652459
    8.373760    8.394941   11.556660
    6.554437    6.567105    9.155794
    8.166392    8.182150   11.487276
    7.888565    7.902523   11.113215
    6.202369    6.220056    8.469813
    6.244078    6.258191    8.675402
    8.461148    8.473749   11.870883
    6.761964    6.776045    9.360617
    7.189675    7.205240    9.976233
    6.736675    6.753461    9.220635
    6.109689    6.124593    8.340240
    7.516425    7.531033   10.437875
    5.359060    5.375799    7.163428
    6.530032    6.543585    9.002661
    5.400986    5.415705    7.371641
    8.535577    8.555171   11.916492
    4.342127    4.360770    5.669555
    7.177959    7.196490   10.045072
    4.761024    4.780291    6.282827
    7.821773    7.838092   10.889599
    4.569843    4.583490    6.094708
    8.756828    8.775461   12.261889
    7.056898    7.073147    9.710098
    5.673167    5.689181    7.787140
    7.247467    7.260285   10.159959
    5.143909    5.155499    7.038450
    7.923645    7.940943   10.986706
    5.345902    5.364557    7.072879
    7.002786    7.017885    9.732741
    5.506814    5.527058    7.238079
    5.660211    5.676744    7.630027
    4.559152    4.573534    6.152758
    5.188153    5.202972    6.992964
    9.040956    9.057979   12.653714
    6.278148    6.295660    8.548831
    8.131091    8.149259   11.196967
    5.914427    5.927177    8.161811
    5.597357    5.612441    7.728649
    7.361728    7.380895   10.359277
    7.450760    7.466337   10.295999
    6.966679    6.981284    9.736656
    7.555675    7.569375   10.460396
    9.046521    9.065735   12.793490
    7.498705    7.519303   10.431302
    6.954713    6.967982    9.669233
    8.786134    8.800254   12.405659
    7.234582    7.251385    9.931921
    7.076430    7.092659    9.690677
    8.282506    8.296641   11.694679
    6.748373    6.764593    9.340585
    5.398472    5.414658    7.291137
    6.405684    6.419412    8.905976
    5.227258    5.242741    7.088949
    6.809045    6.821452    9.436363
    4.664127    4.677666    6.238917
    5.296966    5.308978    7.256783
    8.097458    8.111774   11.276465
    6.052708    6.067547    8.415238
    5.006132    5.020444    6.714793
    8.996568    9.012184   12.672812
    5.412714    5.427264    7.372777
    6.977576    6.995295    9.530878
    7.107977    7.121344    9.956360
    5.663291    5.675690    7.827662
    8.359689    8.375930   11.812918
    9.319165    9.335470   13.142612
    7.550441    7.566807   10.450448
    9.062075    9.078537   12.868700
    8.678947    8.693317   12.195029
    6.156848    6.170699    8.415799
    9.697422    9.712529   13.730494
    8.735509    8.751100   12.213890
    6.242091    6.259420    8.452743
    6.920685    6.932270    9.689794
    6.757699    6.769436    9.475756
    9.875339    9.892561   14.091424
    7.761769    7.778534   10.743905
    7.133868    7.150033    9.917522
    7.258949    7.276233   10.079817
    7.970730    7.986240   11.223146
    7.518123    7.533412   10.636755
    6.169756    6.188630    8.572277
    5.773378    5.790175    8.025698
    8.535923    8.547043   12.185382
    5.233579    5.246769    7.094506
    7.748799    7.765223   10.888742
    6.055814    6.071526    8.211622
    7.408361    7.426541   10.207353
    6.042453    6.059174    8.333426
    8.114065    8.128398   11.395912
    7.828877    7.846373   10.833674
    6.281114    6.295832    8.589438
    5.001426    5.019821    6.748440
    5.913880    5.930651    8.063193
    7.308152    7.322577   10.101927
    7.364642    7.383562   10.136611
    7.048062    7.063246    9.877610
    6.808830    6.824055    9.332829
    6.156783    6.174574    8.404550
    6.974649    6.993002    9.704461
    6.710208    6.729465    9.174376
    7.674610    7.686570   10.732651
    4.052091    4.066886    5.386359
    5.953387    5.966223    8.258144
    7.741666    7.756090   10.929031
    6.867880    6.884507    9.445665
    6.355922    6.372561    8.631549
    5.790439    5.807051    7.820026
    8.331779    8.346807   11.752460
    6.866858    6.882548    9.574230
    6.346712    6.363325    8.788967
    7.361617    7.375719   10.254901
    6.949058    6.965112    9.661362
    9.754405    9.767376   13.826240
    8.159440    8.177003   11.426449
    7.287447    7.307405   10.047084
    9.994773   10.020762   14.096284
    7.878397    7.891915   11.047451
    5.972160    5.987505    8.313048
    6.527501    6.541240    9.008674
    6.378545    6.395475    8.790506
    8.345148    8.361825   11.821224
    6.263382    6.275298    8.666463
    5.393465    5.406464    7.316765
    7.646020    7.662560   10.583663
    7.703284    7.721888   10.800783
    7.206453    7.221341   10.037608
    5.758949    5.774669    7.818385
    5.705036    5.721316    7.746506
    5.835733    5.851768    7.877493
    5.646375    5.661124    7.671452
    5.704442    5.723231    7.807752
    6.303976    6.322264    8.482841
    7.577783    7.589924   10.642983
    5.786004    5.800396    7.957661
    5.620450    5.632542    7.759305
    8.107502    8.125610   11.388400
    7.631782    7.652572   10.584006
    8.008869    8.023036   11.229342
    5.408981    5.422156    7.366417
    4.629013    4.645507    6.221205
    5.661682    5.676390    7.736838
    9.074793    9.088967   12.770119
    7.573485    7.587791   10.608915
    6.254059    6.269998    8.683586
    5.618651    5.633553    7.661504
    4.984415    5.000132    6.640997
    7.959615    7.977473   11.150779
    7.415028    7.427709   10.375929
    4.603545    4.616788    6.210106
    6.988933    7.003175    9.671097
    7.807361    7.821229   11.008738
    6.589043    6.604588    9.109627
    8.917114    8.931008   12.718195
    7.994552    8.010951   11.169252
    8.365277    8.381585   11.824068
    6.356303    6.374143    8.611121
    4.952058    4.966119    6.655641
    7.172286    7.190459   10.037643
    5.563873    5.576637    7.650125
    4.697606    4.711561    6.272919
    7.264169    7.283959   10.118558
    7.315708    7.330281   10.295268
    5.620994    5.636836    7.741445
    6.727013    6.740775    9.311222
    7.000906    7.017273    9.784246
    7.082899    7.099579   10.109369
    5.653430    5.668267    7.704165
    5.741241    5.757014    7.777933
    7.324045    7.342151   10.358176
    7.739270    7.763645   10.811989
    6.187038    6.202159    8.693071
    6.493042    6.510571    8.900629
    5.125107    5.140257    6.929507
    6.686981    6.704780    9.159288
    5.944542    5.958908    8.240135
    7.345343    7.359738   10.225249
    6.128900    6.140405    8.495820
    7.461217    7.476322   10.423747
    7.450199    7.468496   10.371953
    5.987671    6.000677    8.303079
    5.705376    5.724679    7.677341
    8.277989    8.296395   11.598076
    6.914754    6.930873    9.501939
    6.085514    6.100977    8.303715
    8.013749    8.029693   11.177728
    6.894202    6.910465    9.547902
    7.321131    7.339090   10.295524
    6.459229    6.470820    8.975662
    8.118715    8.134488   11.517140
    4.601358    4.618757    6.157696
    4.032033    4.043514    5.405169
    9.651195    9.667435   13.587111
    5.019610    5.036510    6.717715
    6.053688    6.066152    8.305496
    8.492546    8.510963   12.059903
    6.228861    6.246482    8.405688
    7.298507    7.316163   10.251314
    6.200504    6.212860    8.691162
    8.786981    8.801005   12.460626
    7.641358    7.657501   10.701140
